[gd_scene load_steps=2 format=3 uid="uid://cl6g8cl5l3x8s"]

[ext_resource type="PackedScene" uid="uid://rl1l3jlbfuwt" path="res://Art/Models/Ship/Ship.glb" id="1_r150o"]

[node name="Node3D" type="Node3D"]

[node name="Ship" parent="." instance=ExtResource("1_r150o")]
transform = Transform3D(0.999955, 0.00945954, 0, -0.00945954, 0.999955, 0, 0, 0, 1, 1.05536, 0.684361, -0.535013)

[node name="Camera3D" type="Camera3D" parent="."]
transform = Transform3D(-0.0466575, 0.50517, -0.861758, 0.173281, 0.853711, 0.491071, 0.983767, -0.126414, -0.127368, -4.33381, 2.51052, 0)

[node name="DirectionalLight3D" type="DirectionalLight3D" parent="."]
transform = Transform3D(1, 0, 0, 0, 0.963747, -0.266818, 0, 0.266818, 0.963747, 0, 0, 0)

[node name="DirectionalLight3D2" type="DirectionalLight3D" parent="."]
transform = Transform3D(1, 0, 0, 0, -0.0520745, 0.998643, 0, -0.998643, -0.0520745, 0, 0, 0)

[node name="DirectionalLight3D3" type="DirectionalLight3D" parent="."]
transform = Transform3D(0.703593, -0.0370043, 0.709639, -0.710603, -0.0366393, 0.702639, 0, -0.998643, -0.0520745, 0, 0, 0)
